0.411606 31
0.45669 2193
0.501774 9206
0.546857 8695
0.591941 5033
0.637025 2794
0.682109 1833
0.727192 1297
0.772276 951
0.81736 796
0.862444 641
0.907528 519
0.952611 439
0.997695 391
1.04278 335
1.08786 307
1.13295 310
1.17803 297
1.22311 314
1.2682 255
1.31328 279
1.35837 253
1.40345 262
1.44853 265
1.49362 261
1.5387 282
1.58378 275
1.62887 283
1.67395 278
1.71904 319
1.76412 349
1.8092 307
1.85429 388
1.89937 367
1.94445 393
1.98954 377
2.03462 402
2.07971 429
2.12479 446
2.16987 473
2.21496 463
2.26004 482
2.30512 469
2.35021 529
2.39529 554
2.44038 562
2.48546 602
2.53054 612
2.57563 632
2.62071 582
2.66579 608
2.71088 615
2.75596 599
2.80105 598
2.84613 575
2.89121 630
2.9363 578
2.98138 560
3.02647 600
3.07155 533
3.11663 524
3.16172 489
3.2068 448
3.25188 462
3.29697 449
3.34205 426
3.38714 393
3.43222 350
3.4773 339
3.52239 289
3.56747 297
3.61255 234
3.65764 263
3.70272 230
3.74781 169
3.79289 151
3.83797 138
3.88306 112
3.92814 104
3.97322 116
4.01831 66
4.06339 67
4.10848 51
4.15356 54
4.19864 42
4.24373 28
4.28881 29
4.33389 28
4.37898 22
4.42406 18
4.46915 7
4.51423 15
4.55931 9
4.6044 8
4.64948 8
4.69456 5
4.82982 1
4.8749 4
