12702.3 2.51166 -25.9243 4.73468 24.112 
12999.8 2.47791 -23.8108 4.3976 21.0469 
13452 2.61041 -21.0079 3.92325 17.0201 
13928 2.73258 -18.0158 3.41917 13.1113 
13603.3 2.62773 -17.9722 3.41099 13.1558 
13907.2 2.73993 -15.6937 3.02005 10.4419 
13591.9 2.67179 -14.3277 2.78026 8.92138 
13762.4 2.6567 -13.5191 2.65415 8.251 
13928 2.69783 -13.6065 2.67157 8.31156 
13913.4 2.73736 -15.9016 3.05635 10.692 
13258.2 2.60077 -16.6449 3.1694 11.4211 
13522.4 2.64449 -17.0211 3.24126 11.8898 
13835.3 2.69329 -16.3366 3.1338 11.178 
14022.8 2.76805 -13.9572 2.72511 8.52163 
13413.7 2.59165 -17.5234 3.32993 12.4603 
13446.8 2.60865 -19.479 3.66221 15.1832 
13558.2 2.59047 -18.3823 3.48482 13.6653 
13665.3 2.6288 -19.3854 3.65552 14.9401 
13587.7 2.69489 -15.0992 2.90804 9.66365 
14255.7 2.80777 -12.9773 2.56374 7.72992 
13766.4 2.65979 -15.0839 2.92151 9.80738 
13693.2 2.63368 -13.9933 2.73545 8.59764 
13822.2 2.72215 -13.4974 2.64275 8.12062 
13875.7 2.6859 -13.399 2.63504 8.15378 
14014.1 2.68295 -12.5229 2.49339 7.44493 
13726.7 2.63047 -14.348 2.79828 9.15841 
13836.7 2.68392 -14.8487 2.88114 9.58721 
13991.6 2.72413 -14.5828 2.83768 9.29036 
13808.9 2.70019 -13.5652 2.65738 8.17942 
13708.8 2.67622 -15.6045 3.0043 10.3957 
13750.8 2.66176 -14.0899 2.75025 8.80847 
13812.1 2.66594 -13.8111 2.70512 8.68355 
14277.1 2.79663 -10.4426 2.13268 5.60285 
14294.4 2.81781 -11.3263 2.28148 6.28533 
14463.9 2.84343 -10.9482 2.22176 6.15091 
14528 2.85257 -10.0767 2.07485 5.24438 
14271.3 2.83109 -9.8058 2.01735 5.03973 
14207.5 2.79303 -11.9088 2.38064 6.72973 
13862.2 2.67499 -12.0715 2.40902 6.85726 
13852.9 2.72952 -12.5093 2.4741 7.20532 
14314.6 2.83983 -12.2409 2.43567 6.97364 
13805.9 2.6445 -15.6699 3.02642 10.5548 
13888 2.69878 -15.7683 3.03866 10.6144 
13910.7 2.74901 -15.8409 3.04387 10.5839 
13882.6 2.67001 -14.7478 2.86889 9.5065 
13953.5 2.73816 -14.137 2.7569 8.79172 
13597.2 2.65245 -14.833 2.87023 9.49268 
13579.6 2.63502 -16.8303 3.21341 11.7858 
13726.3 2.67812 -16.6994 3.19215 11.5684 
13666.6 2.67143 -17.1866 3.27295 12.22 
13753.3 2.666 -16.9117 3.23184 11.9596 
13703.2 2.68118 -16.2721 3.11741 11.0095 
13766.4 2.6755 -16.0505 3.08389 10.9405 
13415.2 2.60221 -16.6357 3.17657 11.437 
13801 2.68053 -16.5679 3.17342 11.5196 
13647.9 2.62855 -16.1223 3.09757 10.9382 
13744.7 2.66932 -16.2163 3.11216 11.0508 
13799.6 2.74352 -15.5014 2.98049 10.1599 
13506.8 2.61457 -16.6802 3.18708 11.638 
13836.3 2.69121 -14.9099 2.89045 9.576 
13715 2.6806 -14.1243 2.751 8.73659 
13818.4 2.70783 -14.3587 2.7923 8.99996 
13814.5 2.72018 -14.298 2.77967 8.86395 
13669.8 2.69305 -15.273 2.94271 9.90321 
13723.8 2.63683 -16.3752 3.14362 11.285 
13877.7 2.70357 -16.2701 3.123 11.1632 
13885.5 2.70724 -16.5337 3.16803 11.3493 
13561.5 2.64929 -15.6211 3.0034 10.3718 
13719.2 2.65889 -17.1276 3.26813 12.1054 
13740.8 2.68016 -14.9722 2.8974 9.71489 
13867.9 2.73206 -14.7721 2.86164 9.43363 
13570.9 2.60719 -16.1303 3.09791 11.1202 
13774.3 2.68047 -14.7238 2.85681 9.44164 
13848 2.66944 -15.2076 2.94569 9.94282 
13823.4 2.67714 -15.8683 3.05589 10.6524 
13775.3 2.68701 -15.9491 3.06518 10.7627 
13615.7 2.65959 -16.7241 3.19314 11.636 
13816 2.69501 -16.7105 3.19649 11.4561 
13898.5 2.69909 -16.2619 3.12338 11.2657 
13903.2 2.71397 -15.8506 3.051 10.6917 
13597 2.66294 -14.5934 2.82747 9.22439 
14303.5 2.81004 -13.0391 2.57662 7.81863 
14115.6 2.75142 -12.3546 2.45882 7.15193 
14207.1 2.79695 -12.5619 2.4917 7.34538 
13765.9 2.69801 -13.1512 2.58431 7.86613 
13884.3 2.70509 -13.3145 2.61792 7.96968 
14005.8 2.69413 -13.7163 2.69541 8.45146 
14076.9 2.71162 -13.2291 2.61312 7.98467 
13920.6 2.69057 -13.1837 2.59987 8.01304 
14042 2.75461 -12.7239 2.51733 7.44297 
13905 2.76257 -12.5991 2.4869 7.20698 
13932.7 2.74711 -12.5271 2.4787 7.21975 
13982.6 2.71998 -13.1235 2.58809 7.93851 
13918.6 2.73013 -13.8825 2.71265 8.59053 
14015.2 2.78003 -13.4482 2.63546 8.0609 
14039.5 2.75506 -14.1707 2.76469 8.82155 
13799.8 2.66739 -13.3039 2.6177 7.99183 
14236.3 2.82613 -13.3304 2.62 7.9873 
14300 2.82408 -13.5499 2.6615 8.25444 
14040.3 2.7749 -13.8478 2.70617 8.43968 
13517.5 2.62091 -14.3023 2.78036 8.93072 
13895.7 2.72234 -14.7522 2.86152 9.4114 
13931.3 2.74138 -14.7629 2.86213 9.40793 
13973 2.74494 -16.2898 3.12462 11.2403 
13480.3 2.64446 -15.5842 2.99349 10.181 
13603 2.66493 -16.1854 3.09946 11.0248 
14007 2.73662 -15.3962 2.97543 10.1799 
13818.2 2.70304 -15.7808 3.03614 10.5705 
14085.3 2.73609 -15.8107 3.05079 10.6825 
13609.9 2.6844 -14.9128 2.87912 9.56137 
