0.500000 0.000000 0
0.524000 0.000000 0
0.548000 0.000000 0
0.572000 0.000000 0
0.596000 0.000000 0
0.620000 0.000000 0
0.644000 0.000000 0
0.668000 0.000000 0
0.692000 0.000000 0
0.716000 0.000000 0
0.740000 0.000000 0
0.764000 0.000000 0
0.788000 0.000000 0
0.812000 0.000000 0
0.836000 0.000000 0
0.860000 0.000000 0
0.884000 0.000000 0
0.908000 0.000000 0
0.932000 0.000000 0
0.956000 0.000000 0
0.980000 0.000000 0
1.004000 0.000000 0
1.028000 0.000000 0
1.052000 0.000000 0
1.076000 0.000000 0
1.100000 0.000000 0
1.124000 0.000000 0
1.148000 0.000000 0
1.172000 0.000000 0
1.196000 0.000000 0
1.220000 0.000000 0
1.244000 0.000000 0
1.268000 0.000000 0
1.292000 0.000000 0
1.316000 0.000000 0
1.340000 0.000000 0
1.364000 0.000000 0
1.388000 0.000000 0
1.412000 0.000000 0
1.436000 0.000000 0
1.460000 0.000000 0
1.484000 0.000000 0
1.508000 0.000000 0
1.532000 0.000000 0
1.556000 0.000000 0
1.580000 0.000000 0
1.604000 0.000000 0
1.628000 0.000000 0
1.652000 0.000000 0
1.676000 0.000000 0
1.700000 0.000000 0
1.724000 0.000000 0
1.748000 0.000000 0
1.772000 0.000000 0
1.796000 0.000000 0
1.820000 0.000000 0
1.844000 0.000000 0
1.868000 0.000000 0
1.892000 0.000000 0
1.916000 0.000000 0
1.940000 0.000000 0
1.964000 0.000000 0
1.988000 0.000000 0
2.012000 0.000000 0
2.036000 0.000000 0
2.060000 0.000000 0
2.084000 0.000000 0
2.108000 0.000000 0
2.132000 0.000000 0
2.156000 0.000000 0
2.180000 0.000000 0
2.204000 0.000000 0
2.228000 0.000000 0
2.252000 0.000000 0
2.276000 0.000000 0
2.300000 0.000000 0
2.324000 0.000000 0
2.348000 0.000000 0
2.372000 0.000000 0
2.396000 0.000000 0
2.420000 0.000000 0
2.444000 0.000000 0
2.468000 0.000000 0
2.492000 0.000000 0
2.516000 0.000000 0
2.540000 0.000000 0
2.564000 0.000000 0
2.588000 0.000000 0
2.612000 0.000000 0
2.636000 0.000000 0
2.660000 0.000000 0
2.684000 0.000000 0
2.708000 0.000000 0
2.732000 0.000000 0
2.756000 0.000000 0
2.780000 0.000000 0
2.804000 0.000000 0
2.828000 0.000000 0
2.852000 0.000000 0
2.876000 0.000000 0
