80 0.013006 1
0.505000 60.076019
0.537438 55.663207
0.569875 53.546242
0.602313 46.674620
0.634750 42.887816
0.667188 39.833981
0.699625 35.758809
0.732063 33.888917
0.764500 31.150420
0.796938 29.596310
0.829375 27.522664
0.861813 26.404850
0.894250 24.970747
0.926687 23.996882
0.959125 23.028298
0.991563 22.551763
1.024000 22.119000
1.056437 21.636184
1.088875 21.546132
1.121313 21.457421
1.153750 21.537899
1.186187 21.512057
1.218625 22.048937
1.251063 21.836954
1.283500 22.942882
1.315937 22.607364
1.348375 23.893468
1.380812 23.977710
1.413250 24.887975
1.445688 25.406157
1.478125 26.132604
1.510563 26.924333
1.543000 27.388778
1.575438 28.513835
1.607875 29.141832
1.640312 30.062210
1.672750 30.781508
1.705188 31.592580
1.737625 32.472862
1.770062 33.235862
1.802500 34.111787
1.834938 35.040133
1.867375 35.779757
1.899812 36.759296
1.932250 37.593066
1.964688 38.430035
1.997125 39.214158
2.029562 40.047127
2.062000 40.970390
2.094438 41.854610
2.126875 42.807132
2.159312 43.498603
2.191750 44.305573
2.224188 45.103052
2.256625 45.665149
2.289062 46.429746
2.321500 47.149287
2.353938 47.668378
2.386375 48.440785
2.418813 48.928065
2.451250 49.476680
2.483688 49.721850
2.516125 50.604197
2.548563 50.438161
2.581000 51.487081
2.613437 51.203861
2.645875 52.199143
2.678313 51.805234
2.710750 52.938683
2.743187 51.983026
2.775625 53.198019
2.808063 52.370940
2.840500 53.343714
2.872937 52.218429
2.905375 53.597105
2.937813 52.143437
2.970250 52.809327
3.002687 52.050544
3.035125 52.289469
3.067563 51.548802
