T gsq gpsq muphisq muSigmasq lam a2 b4 RGscale3d
80. 31.95885947163386 10.27658520216505 -1640.891581885021 20957.3025093801 13.16902684082762 204.116358508313 24.8791730167206 80. 
80.5 32.15572421284946 10.34153001838677 -1581.123844949292 21023.18869611781 13.27311217856715 205.5099813625355 25.083504514081 80.5 
81. 32.35257165644281 10.40647936560139 -1521.013227160087 21089.56837581444 13.37739855103051 206.9045010627699 25.28819490859981 81. 
81.5 32.54940191168551 10.47143321658057 -1460.559497963366 21156.44127316925 13.48188520918689 208.2999135312072 25.4932424986156 81.5 
82. 32.74621508213638 10.53639154541097 -1399.762443563398 21223.80709307258 13.58657141966366 209.6962148506273 25.69864565331323 82. 
82.5 32.9430112656414 10.60135432749425 -1338.621869676274 21291.66551708007 13.69145646479503 211.0934012644528 25.90440281272398 82.5 
83. 33.13979055765819 10.66632153880121 -1277.137607506333 21360.01620247991 13.79653963731963 212.491469090758 26.11051244904507 83. 
83.5 33.33655306944995 10.73129315175882 -1215.309532587889 21428.85879453161 13.90182020474631 213.8904142399545 26.31697285121071 83.5 
84. 33.53329891389052 10.79626913843207 -1153.13755872182 21498.19290368359 14.00729743162302 215.2902325811982 26.52378228976174 84. 
84.5 33.73002819874864 10.86124947206209 -1090.621638849767 21568.01809012384 14.11297059666756 216.6909201275899 26.73093909871382 84.5 
85. 33.92674102683063 10.92623412703504 -1027.761774085227 21638.33385221692 14.21883899277523 218.0924730328795 26.93844167401208 85. 
85.5 34.12343749598026 10.99122307888221 -964.5580255425838 21709.13961094866 14.32490192706021 219.4948875915123 27.14628847353137 85.5 
86. 34.32011769907862 11.0562163042799 -901.0105302893342 21780.43468891504 14.43115872089652 220.8981602386745 27.35447801707627 86. 
86.5 34.51678172404728 11.12121378104871 -837.1195233401933 21852.21828132361 14.53760870995417 222.3022875502558 27.56300888634386 86.5 
87. 34.71342966161691 11.18621548640299 -772.8853745788961 21924.48942204783 14.64425123002319 223.70726603884 27.77187963360226 87. 
87.5 34.91006161558612 11.25122139460873 -708.3086421729497 21997.24693190451 14.75108559213469 225.1130918731324 27.98108865744556 87.5 
88. 35.10667768706832 11.31623148054932 -643.3901285212385 22070.48931344962 14.8581111144884 226.5197612974484 28.19063438988358 88. 
88.5 35.30327797283946 11.38124572011133 -578.1309866145962 22144.21460705245 14.96532712819716 227.9272706800557 28.40051531738546 88.5 
89. 35.499862565338 11.44626409018447 -512.5328995935732 22218.42015351918 15.07273297732197 229.3356165132143 28.61072998087972 89. 
89.5 35.69643155266474 11.51128656866159 -446.5984006133764 22293.10217122851 15.18032801890673 230.7447954132145 28.82127697575439 89.5 
90. 35.89298501858278 11.57631313443869 -380.3314966569475 22368.25493149916 15.28811162301248 232.1548041204157 29.03215495185713 90. 
90.5 36.08952304300165 11.64134376730603 -313.7390497161868 22443.86893384156 15.39608317190785 233.5656394866496 29.24336260783308 90.5 
91. 36.28604571370668 11.70637844529132 -246.8344921568723 22519.92601647532 15.50424203571351 234.9772981619335 29.4548985515747 91. 
91.5 36.48255312549811 11.77141714483337 -179.6518827074057 22596.38078145567 15.61258756981951 236.3897766094602 29.6667613078438 91.5 
92. 36.67904536952399 11.83645984321451 -112.4159239135478 22672.93599257946 15.72111914030413 237.8030713965393 29.87894944717503 92. 
92.5 36.87552253311924 11.90150651860093 -43.66792729937756 22751.54108819654 15.829836125069 239.2171792003514 30.0914615882608 92.5 
93. 37.07198469980548 11.96655715004259 25.2030937244135 22830.33946216485 15.93873791386866 240.6320968079815 30.30429639795136 93. 
93.5 37.26843194929105 12.03161171747331 94.3511856073824 22909.53281446286 16.04782390833986 242.0478211164516 30.51745259125491 93.5 
94. 37.46486435747082 12.09667020171069 163.8151667497824 22989.17209815028 16.1570935220305 243.4643491327533 30.73092893133769 94. 
94.5 37.66128199849721 12.16173258398782 233.6097466786854 23069.27640812629 16.2665461762503 244.8816779188182 30.94472420497962 94.5 
95. 37.85768495681344 12.22679884321362 303.7424560892999 23149.85537286779 16.37618127205018 246.2998042646131 31.15883707765355 95. 
95.5 38.05407331839366 12.2918689579526 374.2178146646305 23230.91464834418 16.48599820760193 247.7187249205414 31.37326619720031 95.5 
96. 38.2504471657824 12.35694290756497 445.0388284124803 23312.45788931816 16.59599639191108 249.1384367362337 31.58801025490258 96. 
96.5 38.44680657815411 12.42202067219366 516.2076474939953 23394.48761944925 16.70617524483333 250.5589366591964 31.80306798484604 96.5 
97. 38.64315163131322 12.48710223276436 587.725897124232 23477.00566906354 16.81653419709979 251.9802217348401 32.01843816391941 97. 
97.5 38.83948239769398 12.55218757098547 659.5948604304338 23560.01341715657 16.92707269034178 253.4022891065072 32.23411961181457 97.5 
98. 39.0357989463583 12.61727666934862 731.8155868938096 23643.51193496847 17.03779017712441 254.8251360155661 32.45011119105504 98. 
98.5 39.23210134520549 12.68236951063609 804.3889590348939 23727.50207756498 17.14868611792051 256.2487597453556 32.66641178170244 98.5 
99. 39.42838967299524 12.74746607515914 877.3157281964751 23811.98454933859 17.25975994800643 257.6731572850622 32.88302013346548 99. 
99.5 39.62466401003647 12.81256634287692 950.5965513877114 23896.95993794456 17.37101109900544 259.0983255823966 33.09993497772795 99.5 
100. 39.82092443369153 12.87767029443447 1024.232015936707 23982.42873992253 17.48243901235866 260.5242616713313 33.31715508352821 100. 
100.5 40.01717101837624 12.94277791116276 1098.222654714285 24068.39138092759 17.59404313934662 261.9509626721232 33.5346792575593 100.5 
101. 40.2134038355598 13.00788917507868 1172.568957324875 24154.84823062164 17.70582294111052 263.3784257913391 33.75250634416906 101. 
101.5 40.40962295376472 13.07300406888504 1247.271378494563 24241.79961385293 17.81777788867339 264.8066483218779 33.97063522536013 101.5 
102. 40.60582843856677 13.13812257597053 1322.330344466672 24329.24581919651 17.92990746296081 266.2356276429959 34.18906482078999 102. 
102.5 40.80202035259496 13.20324468040975 1397.746257952561 24417.18710558065 18.0422111548217 267.6653612203285 34.40779408777115 102.5 
103. 40.99819875553692 13.26837036696196 1473.519502012959 24505.62370750359 18.15468846503923 269.0958466057709 34.62682202120692 103. 
103.5 41.19436371142077 13.33349961941964 1549.65043862427 24594.55584300861 18.26733888845325 270.5270812418173 34.8461475666816 103.5 
104. 41.39051529498391 13.39863241913246 1626.13940661812 24683.98371927305 18.38016189360036 271.9590622782102 35.06576954040526 104. 
104.5 41.5866535786503 13.46376874797767 1702.986732355096 24773.90752847687 18.49315695452894 273.3917869283531 35.28568678680585 104.5 
105. 41.78277863230247 13.5289085884256 1780.192731847563 24864.3274502176 18.60632355411665 274.8252524807671 35.50589818301705 105. 
105.5 41.97889052328151 13.59405192353973 1857.757712116445 24955.24365336437 18.7196611840882 276.2594562991118 35.72640263887821 105.5 
106. 42.17498931638701 13.65919873697661 1935.681972319245 25046.65629760848 18.83316934503296 277.6943958222042 35.94719909693448 106. 
106.5 42.37107507387696 13.72434901298594 2013.965804694475 25138.56553477041 18.94684754642235 279.1300685640394 36.16828653243681 106.5 
107. 42.56714785546778 13.78950273641046 2092.609495357449 25230.97150990961 19.06069530662715 280.5664721138096 36.38966395334206 107. 
107.5 42.76320771833423 13.85465989268605 2171.613324974886 25323.8743622733 19.17471215293448 282.0036041359234 36.61133040031302 107.5 
108. 42.95925471711418 13.91982046784057 2250.97756933732 25417.27422611551 19.28889762155578 283.4414623698985 36.83328494666207 108. 
108.5 43.15528890990738 13.9849844471287 2330.702496260522 25511.17123389078 19.40325124348274 284.8800444672474 37.05552662614272 108.5 
109. 43.35131036405299 14.05015181369217 2410.788362075181 25605.56551839392 19.51777252576339 286.3193478246304 37.27805436018056 109. 
109.5 43.5473191451348 14.11532255107548 2491.235419046628 25700.45720871228 19.63246098013979 287.7593698880356 37.50086709195766 109.5 
110. 43.74331531652836 14.18049664333969 2572.043916235763 25795.84643073889 19.74731612632451 289.2001081693202 37.72396379326464 110. 
110.5 43.93929893940088 14.24567407506247 2653.214099777673 25891.73330758834 19.86233749201546 290.6415602462264 37.94734346450075 110.5 
111. 44.13527007271129 14.31085483133805 2734.746213125551 25988.11795996665 19.97752461291057 292.0837237623991 38.17100513467396 111. 
111.5 44.33122877321012 14.37603889777723 2816.640497265036 26085.00050650163 20.09287703272229 293.5265964274011 38.39494786140088 111.5 
112. 44.5271750954395 14.44122626050741 2898.897190903136 26182.38106403956 20.20839430319198 294.9701760167307 38.61917073090692 112. 
112.5 44.7231090917331 14.50641690617255 2981.516530635315 26280.25974791279 20.32407598410419 296.414460371837 38.8436728580263 112.5 
113. 44.91903081222052 14.57161082193215 3064.498751091387 26378.63667218381 20.43992164329195 297.8594474000192 39.06845338614992 113. 
113.5 45.11494030994628 14.63680799429327 3147.844082119564 26477.51195147026 20.55593084385609 299.3051349339458 39.29351142521065 113.5 
114. 45.3108376460095 14.7020084079167 3231.552745525307 26576.88570202653 20.67210312702733 300.7515205822824 39.51884598665107 114. 
114.5 45.50672288008284 14.76721204779192 3315.624961035446 26676.75803893957 20.78843803814524 302.1986019943694 39.74445609978612 114.5 
115. 45.70259606990837 14.83241889936102 3400.060946914952 26777.12907633025 20.90493512976926 303.6463768776428 39.97034081910443 115. 
115.5 45.8984572712975 14.89762894851875 3484.860920052179 26877.99892750608 21.02159396169113 305.0948429976471 40.19649922426842 115.5 
116. 46.09430653813103 14.96284218161254 3570.02509603563 26979.36770510283 21.13841410094723 306.5439981780508 40.42293042011436 116. 
116.5 46.29014392235901 15.02805858544246 3655.553689223288 27081.235521216 21.25539512183081 307.9938403006593 40.64963353665235 116.5 
117. 46.4859694740008 15.09327814726122 3741.446912805301 27183.6024875236 21.37253660590405 309.4443673054291 40.87660772906639 117. 
117.5 46.68178324114502 15.1585008547742 3827.704978860827 27286.46871540108 21.48983814201011 310.8955771904812 41.10385217771442 117.5 
118. 46.87758526995346 15.2237266961385 3914.328098407604 27389.83431603029 21.60729932627637 312.3474680120072 41.33136608808056 118. 
118.5 47.07337560903608 15.28895565896189 4001.3164790111 27493.699401445 21.72491975055516 313.8000377630312 41.55914863740347 118.5 
119. 47.26915431406184 15.35418772923054 4088.670321899242 27598.06408501492 21.84269898668046 315.253284238679 41.78719891611276 119. 
119.5 47.46492143954859 15.41942289319711 4176.389826911337 27702.92847975071 21.96063661008184 316.7072052674745 42.01551602925399 119.5 
120. 47.66067703831663 15.48466113751312 4264.475193033413 27808.29269842758 22.07873220275011 318.1617987294595 42.2440991041469 120. 
120.5 47.85642116148862 15.54990244922901 4352.926618431329 27914.1568536637 22.19698535324788 319.6170625562048 42.47294729038551 120.5 
121. 48.05215385848962 15.61514681579409 4441.74430048118 28020.52105799495 22.31539565672 321.0729947308233 42.70205975983817 121. 
121.5 48.24787517704703 15.68039422505657 4530.928435797231 28127.38542394638 22.43396271490394 322.5295932879806 42.93143570664754 121.5 
122. 48.44358516319048 15.74564466526353 4620.479220257617 28234.7500641006 22.55268613613999 323.9868563139075 43.16107434723067 122. 
122.5 48.63928386125199 15.81089812506095 4710.396849028042 28342.61509116362 22.67156553538148 325.4447819464116 43.390974920279 122.5 
123. 48.83497131386945 15.87615459349283 4800.68151658185 28450.98061802872 22.79060053419645 326.9033683747887 43.62113668671432 123. 
123.5 49.03064756576219 15.94141405913509 4891.333414679779 28559.84675830115 22.90979075027907 328.3626137342411 43.85155888332957 123.5 
124. 49.22631266787084 16.00667650913148 4982.352729839272 28669.21362635355 23.02913578296067 329.8225159842104 44.08224066999086 124. 
124.5 49.42196667019324 16.07194193084496 5073.73964750836 28779.08133649242 23.14863523473483 331.2830731119417 44.31318121868564 124.5 
125. 49.61760962122675 16.13721031199183 5165.494352549606 28889.45000307479 23.26828871407636 332.7442831505917 44.54437972121015 125. 
125.5 49.81324156796811 16.2024816406417 5257.617029255335 29000.31974055862 23.3880958354502 334.2061441792395 44.77583538916941 125.5 
126. 50.00886255591344 16.26775590521756 5350.10786136182 29111.6906635516 23.50805621932042 335.6686543228965 45.00754745397731 126. 
126.5 50.20447262905825 16.33303309449567 5442.967032062479 29223.56288685885 23.62816949215895 337.1318117525169 45.23951516685661 126.5 
127. 50.40007182989739 16.39831319760566 5536.1947240202 29335.93652552929 23.74843528645441 338.5956146850072 45.47173779883894 127. 
127.5 50.595660199425 16.46359620403048 5629.791119378819 29448.81169490087 23.86885324072074 340.0600613832364 45.70421464076492 127.5 
128. 50.79123777713146 16.52888210360712 5723.756399776325 29562.18851064549 23.98942299952119 341.5251501561458 45.93694500332654 128. 
128.5 50.98680460207169 16.59417088628884 5818.090746007279 29676.06708903337 24.11014421198634 342.990879331848 46.16992820495069 128.5 
129. 51.18236072011922 16.65946254045307 5912.794333606217 29790.44754656466 24.23101650578022 344.4572470431391 46.40316347886916 129. 
129.5 51.377906178573 16.7247570541448 6007.867335859683 29905.32999967352 24.35203950340319 345.924251380902 46.63665004018831 129.5 
130. 51.57344102341956 16.79005441571874 6103.309925610493 30020.7145649277 24.47321283274668 347.3918904765174 46.87038712145318 130. 
130.5 51.76896529933303 16.85535461383931 6199.122275265811 30136.60135906537 24.5945361271008 348.8601625018723 47.10437397264749 130.5 
131. 51.96447904967504 16.92065763748069 6295.304556804745 30252.99049903126 24.71600902516194 350.3290656693688 47.33860986119367 131. 
131.5 52.15998231649476 16.98596347592674 6391.856941785483 30369.88210201222 24.83763117104022 351.7985982319325 47.57309407195288 131.5 
132. 52.35547514052888 17.05127211877107 6488.779601352066 30487.27628547224 24.959402214267 353.2687584830213 47.80782590722505 132. 
132.5 52.55095756120156 17.11658355591697 6586.072706240744 30605.17316718697 25.08132180980222 354.7395447566338 48.04280468674889 132.5 
133. 52.74642961662443 17.18189777757748 6683.736426785983 30723.57286527769 25.20338961804173 356.2109554273175 48.27802974770192 133. 
133.5 52.94189134359658 17.24721477427535 6781.77093292617 30842.47549824485 25.32560530482459 357.6829889101774 48.5135004447005 133.5 
134. 53.13734277760448 17.31253453684301 6880.176394208978 30961.88118500128 25.44796854144024 359.1556436608844 48.74921614979983 134. 
134.5 53.33278395282566 17.37785705642182 6978.952979794953 31081.79004490486 25.57047900462705 360.6289181755855 48.98517625245098 134.5 
135. 53.52821490688893 17.44318232336903 7078.100856178907 31202.20219754295 25.69313636299427 362.1028108572206 49.22138010091815 135. 
135.5 53.7236356839421 17.50851032653236 7177.620185199953 31323.11776190576 25.81594026387388 363.5773199205425 49.45782696156693 135.5 
136. 53.91904632665248 17.573841055098 7277.511128257574 31444.53685694437 25.93889035847162 365.0524436214749 49.6945161188972 136. 
136.5 54.11444687655488 17.6391744985201 7377.773846408661 31566.45960181018 26.0619863028119 366.5281802512366 49.9314468725695 136.5 
137. 54.30983737405156 17.70451064652072 7478.408500371731 31688.88611588278 26.18522775774409 368.0045281363495 50.16861853740494 137. 
137.5 54.50521785841225 17.76984948908989 7579.415250530939 31811.81651879762 26.30861438894882 369.4814856386453 50.40603044338528 137.5 
138. 54.7005883677741 17.83519101648554 7680.794256939942 31935.25093047332 26.43214586694412 370.9590511552728 50.64368193565297 138. 
138.5 54.89594893914173 17.90053521923357 7782.545679325543 32059.18947113886 26.55582186709163 372.4372231187048 50.88157237451108 138.5 
139. 55.09129960838711 17.9658820881278 7884.669677091241 32183.6322613604 26.6796420696027 373.9159999967453 51.1197011354234 139. 
139.5 55.28664041024964 18.03123161422997 7987.166409320566 32308.57942206807 26.80360615954444 375.3953802925363 51.35806760901446 139.5 
140. 55.48197137833607 18.09658378886976 8090.036034780313 32434.03107458242 26.92771382684574 376.8753625445656 51.59667120106949 140. 
140.5 55.67729254512052 18.16193860364477 8193.27871192364 32559.98734064072 27.05196476630324 378.3559453266722 51.83551133253453 140.5 
141. 55.87260394194543 18.22729605042032 8296.894598892617 32686.44834242304 27.17635867758473 379.8371272480266 52.07458743950423 141. 
141.5 56.06790560276097 18.29265612046791 8400.883851767583 32813.41420197621 27.30089525389213 381.3189068468365 52.31389892679199 141.5 
142. 56.26319756727736 18.35801880372233 8505.246622660816 32940.88504017318 27.42557416892633 382.8012824936686 52.55344512641869 142. 
142.5 56.458479874143 18.423384090362 8609.983063214082 33068.8609779086 27.55039509934966 384.2842525890079 52.79322538354597 142.5 
143. 56.65375256102174 18.48875197079879 8715.093324786869 33197.34213629989 27.67535772615113 385.7678155643126 53.03323905660806 143. 
143.5 56.84901566459299 18.55412243567808 8820.577558459017 33326.32863670976 27.80046173465167 387.2519698820207 53.27348551731201 143.5 
144. 57.04426922055165 18.61949547587865 8926.435915033289 33455.82060076895 27.92570681450937 388.7367140355548 53.5139641506375 144. 
144.5 57.23951326360813 18.68487108251279 9032.668545037819 33585.81815039858 28.05109265972466 390.2220465493292 53.75467435483699 144.5 
145. 57.43474782748829 18.75024924692622 9139.275598728544 33716.32140783253 28.17661896864542 391.7079659787556 53.99561554143571 145. 
145.5 57.62997294493349 18.81562996069815 9246.257226091477 33847.33049563966 28.30228544397209 393.1944709102485 54.23678713523163 145.5 
146. 57.82518864770052 18.88101321564123 9353.613576844997 33978.84553674599 28.42809179276278 394.6815599612316 54.47818857429555 146. 
146.5 58.02039496656162 18.94639900380156 9461.344800442001 34110.86665445665 28.55403772643823 396.1692317801433 54.71981930997104 146.5 
147. 58.21559193130445 19.01178731745871 9569.451046072021 34243.39397247785 28.68012296078685 397.6574850464426 54.96167880687452 147. 
147.5 58.41077957073218 19.07717814912568 9677.932462663244 34376.42761493869 28.8063472159694 399.1463184706122 55.20376654289405 147.5 
148. 58.60595791570992 19.14257149084524 9786.789197495584 34509.9677056161 28.93271020686233 400.6357307067597 55.44608197111427 148. 
148.5 58.80112700222462 19.20796733346927 9896.021394427817 34644.01436668124 29.05921163042413 402.1257202588023 55.6886244795426 148.5 
149. 58.99628686545005 19.27336566803646 10005.62919685142 34778.56772032874 29.18585118595028 403.6162856537169 55.93139346629688 149. 
149.5 59.19143753969895 19.33876648579015 10115.61274791646 34913.62788897929 29.31262857663659 405.1074254458174 56.17438834118338 149.5 
150. 59.38657905842301 19.40416977817835 10225.97219053352 35049.19499529881 29.43954350958374 406.5991382167607 56.41760852569687 150. 
150.5 59.58171145421291 19.46957553685371 10336.7076673756 35185.26916221761 29.56659569580153 408.0914225755513 56.66105345302058 150.5 
151. 59.77683475879827 19.53498375367354 10447.81932087994 35321.85051294943 29.69378485021334 409.5842771585466 56.90472256802623 151. 
151.5 59.97194900304764 19.6003944206998 10559.30729324985 35458.93917101053 29.82111069166037 411.0777006294614 57.14861532727407 151.5 
152. 60.16705421696852 19.66580753019908 10671.17172645646 35596.53526023851 29.948572942906 412.5716916793735 57.39273119901284 152. 
152.5 60.3621504297073 19.73122307464263 10783.41276224047 35734.63890481133 30.07617133064001 414.0662490267281 57.63706966317984 152.5 
153. 60.55723766954928 19.79664104670634 10896.03054211381 35873.25022926607 30.20390558548285 415.5613714173433 57.88163021140092 153. 
153.5 60.75231596391868 19.86206143927076 11009.0252073613 36012.36935851771 30.3317754419898 417.0570576244144 58.12641234699049 153.5 
154. 60.94738533937856 19.92748424542106 11122.39689904229 36151.9964178779 30.45978063865519 418.553306448519 58.37141558495154 154. 
154.5 61.14244582410905 19.99290945787312 11236.14575688347 36292.13153217974 30.58792090969283 420.0501166458125 58.61663942077661 154.5 
155. 61.33749745085198 20.05833706828002 11350.27191763642 36432.77482433667 30.7161959728434 421.5474868376682 58.86208329167868 155. 
155.5 61.53254025175018 20.12376706843277 11464.77551758866 36573.92641725986 30.84460554763075 423.0454156625946 59.10774664237133 155.5 
156. 61.72757425818897 20.18919945030278 11579.65669281642 36715.58643408176 30.97314935710816 424.5439017833597 59.35362892791871 156. 
156.5 61.92259950079633 20.25463420604189 11694.91557918624 36857.75499817266 31.1018271278619 426.0429438869951 59.59972961373497 156.5 
157. 62.11761600944291 20.32007132798233 11810.55231235654 37000.43223315732 31.23063859001507 427.5425406847992 59.84604817558418 157. 
157.5 62.31262381324185 20.38551080863673 11926.56702777908 37143.61826293145 31.35958347723113 429.0426909123422 60.09258409958039 157.5 
158. 62.50762294054896 20.45095264069814 12042.95986070058 37287.31321167823 31.48866152671767 430.54339332947 60.33933688218762 158. 
158.5 62.70261341896268 20.51639681704 12159.73094616407 37431.51720388474 31.61787247922999 432.0446467203084 60.5863060302199 158.5 
159. 62.89759527532394 20.58184333071615 12276.88041901047 37576.23036435839 31.74721607907476 433.5464498932675 60.83349106084121 159. 
159.5 63.09256853571628 20.64729217496084 12394.40841387997 37721.45281824334 31.87669207411361 435.0488016810461 61.08089150156561 159.5 
160. 63.28753322546581 20.71274334318871 12512.31506521347 37867.18469103679 32.00630021576663 436.5517009406352 61.32850689025715 160. 
160.5 63.48248936914117 20.7781968289948 12630.60050725394 38013.42610860529 32.13604025901602 438.0551465533226 61.57633677512991 160.5 
161. 63.67743699258749 20.84365262568231 12749.26487315215 38160.17719627317 32.26591195538136 439.5591373652136 61.82438068896828 161. 
161.5 63.87237612572238 20.9091107256038 12868.30829345206 38307.43807722495 32.39591504122883 441.0636721012032 62.07263811224966 161.5 
162. 64.06730679803042 20.97457112121165 12987.7308982411 38455.2088746018 32.52604925424062 442.5687494986475 62.32110853090162 162. 
162.5 64.26222903832604 21.0400338051182 13107.53281741912 38603.48971175795 32.65631433530495 444.0743683165488 62.56979144006831 162.5 
163. 64.45714287475396 21.10549877009565 13227.7141806997 38752.28071227519 32.78671002851802 445.5805273355457 62.81868634410478 163. 
163.5 64.65204833478923 21.17096600907602 13348.27511761147 38901.5819999773 32.91723608118703 447.0872253579167 63.06779275657691 163.5 
164. 64.84694544523717 21.23643551515123 13469.21575749945 39051.39369894466 33.04789224383341 448.5944612075842 63.31711020026142 164. 
164.5 65.04183423223337 21.301907281573 13590.53622952645 39201.71593352869 33.17867827019592 450.1022337301182 63.56663820714594 164.5 
165. 65.23671472124373 21.36738130175294 13712.23666267433 39352.54882836629 33.30959391723376 451.6105417927395 63.81637631842897 165. 
165.5 65.43158693706435 21.4328575692625 13834.31718574535 39503.89250839434 33.44063894512966 453.1193842843234 64.06632408451992 165.5 
166. 65.62645090382168 21.49833607783294 13956.77792736346 39655.74709886408 33.57181311729293 454.6287601154035 64.31648106503907 166. 
166.5 65.82130664497235 21.56381682135542 14079.6190159756 39808.11272535552 33.70311620036255 456.1386682181754 64.56684682881769 166.5 
167. 66.01615418330326 21.62929979388091 14202.84057985296 39960.9895137918 33.83454796421015 457.6491075464996 64.81742095389788 167. 
167.5 66.21099354115215 21.69478498957466 14326.44274718653 40114.3775904917 33.96610818236405 459.1600770719642 65.06820302558863 167.5 
168. 66.40582474474088 21.76027240169327 14450.42564373696 40268.27707937421 34.09779661343488 460.6715756495987 65.31919257900353 168. 
168.5 66.60064782194758 21.8257620230998 14574.7893937185 40422.68810299088 34.22961300836013 462.1836020820504 65.57038912696143 168.5 
169. 66.79546280006566 21.89125384679711 14699.53412117568 40577.61078407161 34.3615571209481 463.696155191018 65.82179219037785 169. 
169.5 66.99026970580263 21.95674786592829 14824.65994998553 40733.04524553836 34.49362870788791 465.2092338172986 66.07340129828356 169.5 
170. 67.18506856528003 22.02224407377659 14950.16700385884 40888.99161051791 34.62582752875215 466.7228368207907 66.32521598782455 170. 
170.5 67.37985940403341 22.08774246376544 15076.05540634138 41045.45000235454 34.7581533459996 468.2369630804977 66.57723580426202 170.5 
171. 67.57464224701235 22.15324302945843 15202.32528081518 41202.42054462272 34.89060592497781 469.7516114945307 66.82946030097243 171. 
171.5 67.76941711858046 22.21874576455932 15328.97675049973 41359.90336113974 35.02318503392584 471.2667809801114 67.08188903944752 171.5 
172. 67.9641840425154 22.28425066291207 15456.00993845323 41517.89857597833 35.15589044397684 472.7824704735758 67.33452158929423 172. 
172.5 68.15894304200874 22.3497577185008 15583.42496757375 41676.40631347935 35.28872192916064 474.2986789303766 67.58735752823485 172.5 
173. 68.35369413966612 22.41526692544979 15711.22196060048 41835.42669826435 35.42167926640641 475.8154053250871 67.84039644210687 173. 
173.5 68.54843735750717 22.48077827802351 15839.40104011492 41994.95985524821 35.55476223554514 477.3326486514027 68.09363792486312 173.5 
174. 68.74317271696547 22.54629177062658 15967.96232854203 42155.00590965165 35.68797061931233 478.8504079221461 68.3470815785717 174. 
174.5 68.93790023888864 22.61180739780381 16096.90594815145 42315.56498701383 35.82130420335043 480.368682169268 68.60072701341606 174.5 
175. 69.13261994353822 22.67732515424017 16226.23202105866 42476.63721320495 35.95476277621144 481.8874704438517 68.85457384769489 175. 
175.5 69.32733185059188 22.74284503476031 16355.94066922543 42638.22271443743 36.08834612935262 483.4067718160537 69.10862170779561 175.5 
176. 69.52203598230274 22.80836703359418 16486.03201320531 42800.32161525842 36.22205404594285 484.9265852822339 69.3628701880275 176. 
176.5 69.71673236484172 22.87389114405116 16616.50617115988 42962.934037208 36.3558862931562 486.4469097192089 69.61731883142585 176.5 
177. 69.91142102330781 22.93941735968734 16747.36326111459 43126.06010216248 36.48984264141647 487.9677440342807 69.87196719433054 177. 
177.5 70.10610198229402 23.00494567418008 16878.60340094664 43289.69993216795 36.62392286370977 489.4890871514077 70.12681484014321 177.5 
178. 70.30077526588752 23.07047608132813 17010.22670838601 43453.85364945118 36.75812673558671 491.0109380112079 70.38186133932733 178. 
178.5 70.49544089766962 23.13600857505151 17142.23330101668 43618.52137643065 36.89245403516462 492.5332955709619 70.63710626940811 178.5 
179. 70.69009890071567 23.20154314939161 17274.62329627776 43783.70323572749 37.02690454312979 494.0561588046142 70.89254921497258 179. 
179.5 70.88474929759516 23.2670797985111 17407.39681146463 43949.3993501764 37.16147804273965 495.5795267027773 71.14818976766958 179.5 
180. 71.07939211037164 23.332618516694 17540.55396373011 44115.60984283664 37.29617431982497 497.1033982727332 71.40402752620979 180. 
180.5 71.27402736060282 23.39815929834563 17674.09487008555 44282.33483700287 37.43099316279203 498.627772538436 71.66006209636568 180.5 
181. 71.4686550693404 23.46370213799265 17808.01964740199 44449.57445621621 37.56593436262475 500.1526485405153 71.91629309097156 181. 
181.5 71.66327525713024 23.52924703028303 17942.32841241127 44617.32882427499 37.7009977128869 501.678025336278 72.1727201299236 181.5 
182. 71.85788794401222 23.59479396998606 18077.02128170715 44785.59806524571 37.83618300972418 503.2039019997106 72.42934284017981 182. 
182.5 72.05249314952032 23.66034295199235 18212.09837174642 44954.38230347394 37.97149005186639 504.7302776214823 72.68616085575999 182.5 
183. 72.24709089268254 23.72589397131384 18347.55979885002 45123.68166359515 38.10691864062947 506.2571513089473 72.94317381774592 183. 
183.5 72.44168119202102 23.79144702308376 18483.4056792041 45293.49627054558 38.24246857991768 507.7845221861471 73.20038137428111 183.5 
184. 72.63626406556838 23.85700210255285 18619.63612885555 45463.8262495615 38.37813967616987 509.3123893933331 73.45778318036287 184. 
184.5 72.83083953380608 23.92255920440362 18756.25126252319 45634.67172395115 38.51393172731084 510.8407519992978 73.71537886006276 184.5 
185. 73.02540762021367 23.98811832261087 18893.25119299413 45806.03281426682 38.64984451828578 512.3696089798103 73.97316799771022 185. 
185.5 73.2199683474843 24.0536794513319 19030.63603291613 45977.90964134872 38.78587783675411 513.8989593337049 74.23115018763251 185.5 
186. 73.41452173787118 24.11924258482977 19168.40589480527 46150.30232619745 38.92203147266775 515.4288020744447 74.48932503034473 186. 
186.5 73.60906781318748 24.18480771747332 19306.56089104705 46323.21098998354 39.05830521827303 516.9591362301238 74.74769213254979 186.5 
187. 73.80360659480657 24.2503748437371 19445.10113389743 46496.63575405699 39.1946988681125 518.4899608434696 75.00625110713844 187. 
187.5 73.99813810366172 24.31594395820148 19584.02673548393 46670.57673995689 39.33121221902684 520.0212749718452 75.26500157318924 187.5 
188. 74.19266236024632 24.38151505555253 19723.33780780674 46845.03406942097 39.46784507015661 521.5530776872506 75.52394315596857 188. 
188.5 74.38717938461375 24.44708813058213 19863.03446273972 47020.00786439504 39.60459722294414 523.0853680763261 75.78307548693071 188.5 
189. 74.58168919637744 24.51266317818788 20003.11681203151 47195.49824704263 39.74146848113533 524.6181452403536 76.04239820371775 189. 
189.5 74.77619181471084 24.57824019337316 20143.58496730656 47371.50533975442 39.87845865078145 526.1514082952588 76.30191095015962 189.5 
190. 74.97068725834743 24.6438191712471 20284.43904006629 47548.02926515786 40.01556754024092 527.6851563716139 76.56161337627417 190. 
190.5 75.16517554558062 24.70940010702457 20425.67914168998 47725.07014612656 40.15279496018111 529.2193886146388 76.82150513826703 190.5 
191. 75.35965669426398 24.77498299602622 20567.30538343596 47902.62810578987 40.29014072358013 530.7541041842042 77.08158589853177 191. 
191.5 75.55413072181092 24.84056783367846 20709.31787644257 48080.70326754231 40.42760464572856 532.2893022548327 77.34185532564983 191.5 
192. 75.74859764519501 24.90615461551342 20851.71673172927 48259.29575505312 40.56518654423124 533.8249820157016 77.6023130943905 192. 
192.5 75.94305748098996 24.97174333715967 20994.50206018382 48438.40569224277 40.70288623886594 535.3611426694617 77.8629588851998 192.5 
193. 76.13751024814843 25.03733399369155 21137.6739714243 48618.03320085405 40.84070354064016 536.8977833483208 78.12379234815006 193. 
193.5 76.33195596792287 25.10292657963825 21281.23257349429 48798.17840015949 40.97863825006269 538.4349031119826 78.38481310245261 193.5 
194. 76.52639466093115 25.16852108967725 21425.17797431379 48978.84140970102 41.11669017006579 539.9725010392629 78.64602077555205 194. 
194.5 76.72082634740615 25.23411751857878 21569.5102816851 49160.02234917163 41.25485910564179 541.5105762218976 78.90741500034672 194.5 
195. 76.91525104719584 25.29971586120584 21714.22960329388 49341.72133842385 41.39314486384461 543.0491277645468 79.16899541518862 195. 
195.5 77.10966877976324 25.36531611251413 21859.33604671012 49523.93849747807 41.53154725379132 544.5881547847954 79.43076166388353 195.5 
196. 77.30407956418642 25.43091826755214 22004.82971938916 49706.67394653098 41.67006608666372 546.1276564131547 79.69271339569086 196. 
196.5 77.49848341915853 25.49652232146106 22150.71072867277 49889.92780596398 41.80870117570984 547.6676317930655 79.95485026532386 196.5 
197. 77.69288036298772 25.56212826947484 22296.97918179006 50073.70019635148 41.94745233624555 549.2080800808985 80.21717193294946 197. 
197.5 77.88727041359719 25.62773610692021 22443.63518585856 50257.99123846934 42.08631938565599 550.7490004459572 80.47967806418832 197.5 
198. 78.08165358852523 25.69334582921657 22590.6788478852 50442.80105330321 42.22530214339717 552.2903920704788 80.74236833011483 198. 
198.5 78.2760299049251 25.75895743187612 22738.11027476734 50628.12976205685 42.36440043099743 553.8322541496367 81.0052424072572 198.5 
199. 78.47039937956511 25.82457091050379 22885.9295732937 50813.97748616059 42.50361407205896 555.374585891542 81.26829997759732 199. 
199.5 78.66476202882859 25.89018626079724 23034.13685014544 51000.34434727955 42.64294289225932 556.9173865172451 81.5315407285709 199.5 
200. 78.85911786871397 25.95580347854687 23182.73221189712 51187.23046732206 42.78238671935287 558.4606552607376 81.7949643530674 200. 
