T gsq gpsq muphisq muSigmasq lam a2 b4 RGscale3d
115. 45.74538194484801 14.85086412591681 -2330.132537277931 -5062.788545342125 16.65175767842496 137.0754006123996 99.88981381851617 115. 
115.5 45.94142384709286 14.91615616506698 -2273.805590557004 -4965.388845224217 16.721791643859 137.7262060112878 100.36697435553 115.5 
116. 46.13745379113905 14.98145139653446 -2217.219525928637 -4867.527838686548 16.79183229309478 138.3772812088947 100.844362129952 116. 
116.5 46.33347182745936 15.04674980744949 -2160.3745525854 -4769.205731453833 16.861879663133 139.0286252702325 101.3219764273631 116.5 
117. 46.52947800456545 15.11205138540221 -2103.270886749352 -4670.422742214852 16.93193378599198 139.6802372901938 101.7998165530081 117. 
117.5 46.72547236894124 15.17735611845966 -2045.908752419328 -4571.179103794662 17.00199468866506 140.3321163947414 102.2778818326774 117.5 
118. 46.92145496923327 15.24266399421224 -1988.288376055295 -4471.475064157171 17.07206240624788 140.9842616808594 102.7561715756096 118. 
118.5 47.11742586206125 15.30797499840548 -1930.409979321539 -4371.310887438326 17.1421369960793 141.6366721274925 103.2346850157038 118.5 
119. 47.31338510348573 15.37328911691692 -1872.273792264581 -4270.686856558208 17.21221851410653 142.2893467222391 103.7134213926884 119. 
119.5 47.50933274786109 15.43860633602515 -1813.880056070449 -4169.603275296336 17.28230701200827 142.9422844788086 104.1923799635679 119.5 
120. 47.70526884783559 15.50392664240987 -1755.22902439127 -4068.060470539936 17.3524025371996 143.5954844370269 104.6715600026226 120. 
120.5 47.90119345435126 15.56925002315185 -1696.320964898822 -3966.058794890238 17.42250513283679 144.2489456628418 105.1509608014088 120.5 
121. 48.09710661664391 15.63457646573291 -1637.156161116466 -3863.598629703446 17.49261483782213 144.9026672483283 105.6305816687588 121. 
121.5 48.2930083822431 15.69990595803596 -1577.734914595576 -3760.680388664277 17.56273168680865 145.5566483116938 106.1104219307808 121.5 
122. 48.48889879697214 15.76523848834499 -1518.057547522191 -3657.304522018059 17.63285571020486 146.2108879972838 106.5904809308594 122. 
122.5 48.68477790494798 15.83057404534504 -1458.124405866459 -3553.471521625827 17.7029869341794 146.8653854755865 107.0707580296549 122.5 
123. 48.88064574858128 15.89591261812222 -1397.935863224385 -3449.181927059698 17.77312538066565 147.5201399432385 107.5512526051038 123. 
123.5 49.07650236857633 15.9612541961637 -1337.492325553426 -3344.436333029655 17.84327106736631 148.1751506230296 108.0319640524188 123.5 
124. 49.27234780797558 16.02659876843382 -1276.794231289281 -3239.235398457154 17.91342402007374 148.8304167054604 108.5128917477109 124. 
124.5 49.46818211941042 16.09194632169295 -1215.842048609018 -3133.579857831347 17.98358429255169 149.485937240799 108.994034978766 124.5 
125. 49.66400535397978 16.15729684304507 -1154.636300885208 -3027.47053609374 18.05375193328282 150.1417113006869 109.4753930462295 125. 
125.5 49.8598175612816 16.22265031994756 -1093.177578963997 -2920.908367325384 18.12392698705612 150.7977379798324 109.9569652660509 125.5 
126. 50.05561878945144 16.28800674020251 -1031.466557578016 -2813.894419197203 18.19410949509721 151.4540163954699 110.4387509691534 126. 
126.5 50.25140908516243 16.35336609195668 -969.5040176143436 -2706.429925710425 18.26429949507233 152.1105456873647 110.9207495014333 126.5 
127. 50.44718849362523 16.4187283637015 -907.2908769340986 -2598.516332102848 18.33449702109225 152.767325017817 111.4029602237606 127. 
127.5 50.64295705858805 16.48409354427309 -844.8282341978617 -2490.155358181615 18.4047021037162 153.4243535716667 111.8853825119785 127.5 
128. 50.83871482233662 16.54946162285226 -782.1174332000541 -2381.349090611646 18.47491476995571 154.0816305562973 112.368015756904 128. 
128.5 51.03446182569411 16.61483258896446 -719.1601609665847 -2272.100122736099 18.54513504327841 154.7391552016403 112.8508593643273 128.5 
129. 51.2301981080212 16.68020643247986 -655.9586044121635 -2162.41177664778 18.61536294361189 155.3969267601797 113.3339127550123 129. 
129.5 51.42592370721598 16.74558314361326 -592.5157153505631 -2052.28847718017 18.6855984873474 156.054944506956 113.8171753646964 129.5 
130. 51.62163866017138 16.81096271281968 -528.835692606021 -1941.736430822131 18.75584168873403 156.7132077329602 114.3006466399801 130. 
130.5 51.81734301060149 16.87634512899258 -464.9249421921455 -1830.764988243544 18.82609258241504 157.3717156301942 114.7843259656659 130.5 
131. 52.01303680551695 16.94173038025523 -400.7943330504743 -1719.389795342054 18.89635121149565 158.0304673408388 115.2682126942081 131. 
131.5 52.20872009030465 17.00711845510886 -336.4657197070969 -1607.641905481554 18.96661761473174 158.6894620314944 115.7523061939137 131.5 
132. 52.40439290908802 17.07250934235329 -272.0009873065886 -1495.608374056021 19.03689182787489 159.3486988883415 116.2366058461635 132. 
132.5 52.60005530472689 17.13790303108689 -207.2503682334981 -1383.075375717328 19.1071738836756 160.0081771171441 116.7211110454124 132.5 
133. 52.79570731881747 17.20329951070657 -141.2179435829871 -1268.638896264184 19.17746381188658 160.6678959432532 117.2058211991893 133. 
133.5 52.99134899169243 17.2686987709078 -75.17467793573761 -1154.093935374824 19.24776163926596 161.3278546116109 117.6907357280973 133.5 
134. 53.18698036242074 17.3341008016846 -8.954800253031681 -1039.209759135807 19.3180673895805 161.9880523867538 118.1758540658132 134. 
134.5 53.38260146880781 17.39950559332953 57.4768156835511 -923.9383180219352 19.38838108360873 162.6484885528162 118.6611756590884 134.5 
135. 53.57821234739531 17.46491313643371 124.1346089213623 -808.2606291219979 19.45870273914415 163.3091624135342 119.146699967748 135. 
135.5 53.77381303346129 17.53032342188678 191.0259943867485 -692.1677119823013 19.52903237099828 163.9700732922486 119.6324264646914 135.5 
136. 53.96940356102009 17.59573644087695 258.1552130775732 -575.6552451630075 19.5993699910038 164.6312205319092 120.118354635892 136. 
136.5 54.16498396558511 17.66115218425573 325.5248085288553 -458.7215566012936 19.66971561602248 165.2926034545872 120.6044839548837 136.5 
137. 54.36055428959527 17.72657064127381 393.1363013972772 -341.3667547600251 19.74006928220437 165.9542212797924 121.0908138299156 137. 
137.5 54.55611457476201 17.79199180134551 460.990511403098 -223.592346514462 19.81043102324281 166.6160732372643 121.5773436754498 137.5 
138. 54.75166486167708 17.85741565415021 529.0877279768827 -105.4011105804498 19.88080087021476 167.2781585741674 122.0640729176167 138. 
138.5 54.94720518983316 17.92284218962756 597.427790914594 13.2028598613447 19.95117885164892 167.9404765547981 122.5510009940337 138.5 
139. 55.1427355976239 17.98827139797749 666.010110248632 132.2139653304149 20.02156499352844 168.6030264605871 123.0381273538048 139. 
139.5 55.3382561223439 18.05370326966025 734.833634189524 251.6247354226912 20.09195931929363 169.265807590103 123.5254514575205 139.5 
140. 55.53376680018872 18.11913779539634 803.8967588801228 371.4252202532847 20.16236184984464 169.9288192590549 124.0129727772583 140. 
