37130.5 6.03139 -2.09722 0.254756 0.0754458 -0.168452 0.080427 0.0105386 0.0203187 
41290 6.04139 -1.0357 0.19667 0.0539706 -0.24759 0.119369 0.0240848 0.0237919 
44424.1 6.11736 -0.479716 0.17447 0.046098 -0.247423 0.138665 0.0321841 0.0243724 
46043.4 6.09311 -0.349078 0.182943 0.0507193 -0.232193 0.148945 0.0372897 0.0267752 
47443.1 6.13939 -0.317576 0.191703 0.0552623 -0.245645 0.160404 0.0427842 0.0306342 
48061.8 6.11002 -0.314454 0.201488 0.0614072 -0.268019 0.167146 0.0467166 0.0336698 
48531 6.114 -0.365934 0.214972 0.06875 -0.269816 0.16747 0.0467793 0.0358883 
49022.5 6.13434 -0.382625 0.22223 0.0733348 -0.268391 0.169058 0.0487551 0.0375567 
49601.4 6.14911 -0.404738 0.228163 0.0781743 -0.246841 0.172717 0.0494479 0.0391328 
48957.2 6.01585 -0.369939 0.225039 0.0759381 -0.267889 0.17535 0.0509507 0.0396366 
49519.7 6.1059 -0.373084 0.228357 0.0780857 -0.25037 0.172458 0.0498435 0.0389864 
49565.4 6.0999 -0.389659 0.233321 0.0805138 -0.268633 0.172402 0.0492794 0.0405747 
49230 6.03026 -0.372212 0.231835 0.0804043 -0.272142 0.172991 0.0503012 0.039608 
49822.9 6.11345 -0.404795 0.237982 0.0856117 -0.26205 0.172145 0.049124 0.0415897 
49579.8 6.06719 -0.379182 0.234447 0.0814904 -0.288647 0.17569 0.0522928 0.0417948 
49925.4 6.1161 -0.419367 0.239898 0.0869196 -0.271982 0.174324 0.0497451 0.0415528 
49738.4 6.06604 -0.400422 0.238196 0.0847712 -0.281226 0.17643 0.0524825 0.0427916 
49913.3 6.10767 -0.417926 0.239158 0.0867022 -0.289071 0.177182 0.0527175 0.042274 
49811.1 6.08896 -0.374556 0.237196 0.0840685 -0.251521 0.171113 0.0481684 0.0401687 
49864.5 6.13476 -0.397145 0.238612 0.0845246 -0.263731 0.169643 0.0475144 0.0404136 
49509.7 6.06426 -0.404035 0.239282 0.0854584 -0.285199 0.171956 0.0481467 0.0414889 
49670.9 6.05861 -0.435461 0.241559 0.0882368 -0.279999 0.175855 0.0521014 0.0421545 
50057.7 6.11508 -0.410343 0.239567 0.0863717 -0.279569 0.17711 0.0524303 0.0421943 
49815.9 6.07461 -0.428553 0.242681 0.089267 -0.259771 0.173258 0.0500669 0.0422156 
49577.3 6.04769 -0.400026 0.238362 0.084773 -0.261778 0.173079 0.0501392 0.0410523 
49694 6.08987 -0.388855 0.237441 0.0842506 -0.260292 0.170829 0.0482028 0.0409057 
50073.7 6.15088 -0.387811 0.23516 0.0826412 -0.25095 0.17327 0.0503645 0.0408243 
49766.4 6.14214 -0.405689 0.234749 0.0825323 -0.268797 0.172226 0.0501843 0.0403008 
49355.4 6.03652 -0.378598 0.233816 0.0819262 -0.273475 0.173536 0.0506193 0.0404182 
49461.7 6.06583 -0.403812 0.235993 0.0833876 -0.274958 0.173128 0.0505336 0.0415072 
49633.7 6.11229 -0.381773 0.229602 0.0787012 -0.268263 0.175356 0.0512625 0.03977 
49607.5 6.09723 -0.37566 0.229478 0.0781292 -0.284098 0.177412 0.0524781 0.0406621 
49695.1 6.12145 -0.433519 0.234684 0.0825327 -0.274748 0.176278 0.0520487 0.0416203 
49392 6.07195 -0.378659 0.229727 0.078941 -0.270652 0.174546 0.0504792 0.0397544 
49367.8 6.06456 -0.385087 0.23244 0.0806944 -0.265638 0.172261 0.0486781 0.0404357 
49457.7 6.05279 -0.382491 0.234922 0.0822456 -0.270813 0.172901 0.0500499 0.0405163 
49762 6.07998 -0.385154 0.238254 0.0855116 -0.269231 0.172786 0.04885 0.0414936 
49661.8 6.05691 -0.417299 0.241134 0.0869864 -0.261058 0.172644 0.050132 0.041296 
49499.9 6.08141 -0.429526 0.237673 0.0846352 -0.279461 0.173618 0.0506701 0.0413764 
50008.5 6.14615 -0.427809 0.239263 0.0848992 -0.293599 0.176527 0.0519514 0.0425255 
49582.6 6.06402 -0.369039 0.234309 0.0832974 -0.270206 0.173386 0.0501899 0.0407725 
49326.9 6.04706 -0.393718 0.234504 0.0816394 -0.26405 0.171844 0.049266 0.040339 
49921.3 6.16149 -0.383482 0.232623 0.0805815 -0.24366 0.170733 0.0487137 0.0398413 
49312.4 6.06052 -0.385269 0.231127 0.0806484 -0.28327 0.174651 0.0508225 0.040369 
49584.9 6.06915 -0.372368 0.234062 0.0826031 -0.291231 0.175558 0.051641 0.0414847 
49229.4 6.013 -0.374312 0.233762 0.0816418 -0.264068 0.172173 0.0499035 0.040387 
49802.5 6.07306 -0.411614 0.238924 0.0859006 -0.284556 0.177655 0.0520474 0.0424255 
49818.2 6.10694 -0.407681 0.237555 0.084364 -0.29418 0.176549 0.0531411 0.0418549 
49536.4 6.02635 -0.411432 0.239589 0.0851992 -0.313258 0.179337 0.0540196 0.0429052 
49962 6.10575 -0.418445 0.241783 0.0872738 -0.29542 0.176366 0.0510334 0.0426107 
50004.3 6.11373 -0.365989 0.235995 0.0837088 -0.264934 0.174003 0.049711 0.0410145 
49953.2 6.11467 -0.421852 0.239393 0.0858044 -0.269208 0.175463 0.0506373 0.041751 
49887.5 6.08873 -0.414324 0.240086 0.0862491 -0.286642 0.177044 0.0519611 0.0421467 
50002.8 6.13742 -0.414219 0.240674 0.0859396 -0.242206 0.169514 0.0481897 0.0407015 
50070.1 6.16517 -0.35427 0.234314 0.0820998 -0.261818 0.170421 0.0489043 0.0396213 
49763.2 6.11883 -0.40717 0.238567 0.0864657 -0.253298 0.169287 0.0476224 0.0402506 
49350.6 6.08028 -0.382416 0.233393 0.0813863 -0.267969 0.169417 0.0472615 0.0398673 
49276.1 6.04638 -0.363149 0.231315 0.0799933 -0.259009 0.170626 0.0485759 0.0390276 
49366.8 6.04129 -0.416985 0.237592 0.085665 -0.261748 0.172147 0.0493391 0.0399569 
49614.9 6.10827 -0.434259 0.238327 0.0848226 -0.265119 0.171571 0.0495997 0.0404614 
50056.5 6.17577 -0.400802 0.23613 0.0832843 -0.271896 0.172871 0.0492151 0.0407407 
49933.5 6.12777 -0.375229 0.234272 0.0826403 -0.278398 0.175221 0.0506504 0.0411035 
49733.4 6.05502 -0.378605 0.236912 0.0842186 -0.281342 0.176564 0.0524381 0.0412525 
49926 6.08832 -0.373985 0.235522 0.0826031 -0.279084 0.177651 0.0523097 0.0417944 
49783.1 6.11587 -0.39631 0.235265 0.0829499 -0.256019 0.172437 0.0483414 0.0403089 
49544.4 6.04816 -0.398684 0.237358 0.0847019 -0.244598 0.171593 0.0483738 0.0401569 
49568.4 6.05825 -0.387194 0.235966 0.083533 -0.276097 0.174399 0.0502135 0.0410191 
49772.5 6.08706 -0.447332 0.243214 0.0890694 -0.25541 0.172105 0.0483976 0.0427746 
49771.9 6.09423 -0.403922 0.239473 0.0870254 -0.261164 0.171411 0.0489398 0.0414063 
49485.8 6.03094 -0.405121 0.240507 0.085851 -0.258698 0.171063 0.0488389 0.0417147 
49940.7 6.11697 -0.400551 0.240832 0.0857658 -0.250016 0.169612 0.0482701 0.0417364 
49881.3 6.09654 -0.364012 0.23634 0.0841377 -0.268152 0.173138 0.0505277 0.0410493 
49837.9 6.10162 -0.396588 0.240321 0.086169 -0.259664 0.170233 0.048554 0.0405797 
49554 6.04467 -0.411231 0.241072 0.0869618 -0.257961 0.17097 0.0485135 0.0410972 
49829.4 6.10814 -0.360419 0.232927 0.0810511 -0.27042 0.174279 0.0506042 0.0410617 
49281.9 6.05122 -0.380852 0.231503 0.0816736 -0.272792 0.173152 0.049775 0.0407303 
49591.3 6.1024 -0.381723 0.232687 0.0799984 -0.290348 0.174624 0.0504347 0.0407127 
49785 6.11572 -0.391379 0.235619 0.0830906 -0.266674 0.172693 0.0499886 0.0413623 
49717.8 6.09887 -0.390497 0.235084 0.0822753 -0.263094 0.173171 0.0498103 0.0405659 
49674.2 6.09595 -0.397157 0.235718 0.084167 -0.269406 0.173268 0.0500057 0.0409836 
49631.5 6.10194 -0.385832 0.233445 0.0817364 -0.26554 0.172647 0.0493014 0.0401971 
49702.7 6.1041 -0.420545 0.237352 0.0837266 -0.302746 0.176949 0.0522759 0.0412599 
49459.5 6.05596 -0.394457 0.236641 0.0839061 -0.260053 0.171035 0.0497535 0.041022 
49686 6.07589 -0.411886 0.24024 0.0873137 -0.259591 0.171451 0.0486133 0.0407587 
49566.4 6.06718 -0.415992 0.23936 0.0854717 -0.252144 0.170595 0.0488381 0.0407969 
50038.4 6.13386 -0.379965 0.235631 0.0840585 -0.276456 0.175527 0.0515008 0.0417155 
49658 6.10154 -0.393375 0.233501 0.0814463 -0.261341 0.173459 0.049813 0.0397151 
49769.2 6.14261 -0.386761 0.231428 0.0804874 -0.256628 0.17248 0.0500596 0.0405232 
49503.8 6.0832 -0.399285 0.234302 0.0826258 -0.263247 0.172312 0.0484888 0.0399516 
49581 6.13491 -0.404766 0.233752 0.0812482 -0.265245 0.169987 0.0482995 0.0396825 
49084.4 6.06498 -0.39618 0.229611 0.0793469 -0.245973 0.168829 0.0476943 0.0383839 
49264 6.05374 -0.374128 0.231393 0.0796217 -0.272884 0.172035 0.049302 0.0402818 
49237.9 6.02189 -0.38784 0.234741 0.0830055 -0.267424 0.172145 0.0486335 0.0399766 
49812 6.13274 -0.385477 0.235266 0.0830592 -0.268999 0.171535 0.0492461 0.0412967 
49242 6.04438 -0.392093 0.234948 0.0826208 -0.283907 0.171846 0.0489246 0.0404836 
49464 6.07458 -0.426535 0.240779 0.0858819 -0.284427 0.170728 0.0479063 0.0405344 
49591.5 6.0822 -0.40831 0.238914 0.0842598 -0.273684 0.171403 0.0485327 0.0406586 
49664.6 6.08159 -0.390258 0.237103 0.0841423 -0.264986 0.172014 0.0488973 0.0409613 
49782 6.07128 -0.397364 0.240327 0.085057 -0.26351 0.172601 0.0498391 0.0416315 
49520.9 6.06448 -0.403957 0.23902 0.0861354 -0.292576 0.173114 0.0504886 0.0416411 
49253.3 6.01964 -0.376917 0.234786 0.0823178 -0.275358 0.17232 0.0496185 0.0401417 
49700.6 6.1105 -0.392866 0.2367 0.0831098 -0.251065 0.16916 0.0477671 0.0401859 
49483.4 6.08865 -0.36142 0.230972 0.0796962 -0.273831 0.172025 0.0491344 0.0400735 
49496.5 6.07149 -0.39072 0.234937 0.0835232 -0.256353 0.171173 0.0491577 0.0400426 
49412.2 6.06962 -0.363947 0.231527 0.0808891 -0.262466 0.171126 0.0484741 0.039435 
49716.9 6.109 -0.397068 0.23644 0.0832504 -0.248759 0.170057 0.0478589 0.0401556 
49830.7 6.09916 -0.361607 0.235852 0.0830213 -0.256088 0.170997 0.0487226 0.0401649 
49581.5 6.05872 -0.396317 0.237822 0.0840369 -0.295457 0.17555 0.0514035 0.041569 
49814.3 6.121 -0.376622 0.235021 0.0837326 -0.254166 0.170649 0.048869 0.0404933 
49973.6 6.12937 -0.426694 0.241302 0.0868922 -0.263671 0.172451 0.0485356 0.0416532 
49490.8 6.01419 -0.417115 0.240876 0.0890198 -0.280748 0.175753 0.0516892 0.0421846 
49953.6 6.10189 -0.414737 0.240549 0.088013 -0.294116 0.177309 0.0532033 0.0431401 
49670.7 6.07653 -0.397197 0.23658 0.0836687 -0.281705 0.175462 0.0511226 0.040842 
49207.7 6.00601 -0.387086 0.235006 0.083071 -0.283288 0.174345 0.0507354 0.0415024 
49564.3 6.05287 -0.38492 0.236082 0.0841175 -0.264502 0.173372 0.0502668 0.040899 
49648.7 6.07413 -0.367508 0.234877 0.083557 -0.251452 0.171096 0.0490361 0.0400361 
50032.6 6.15856 -0.415525 0.240288 0.088096 -0.244735 0.168756 0.0475241 0.0402714 
49660.2 6.06691 -0.38875 0.238655 0.0853642 -0.243039 0.169534 0.0471287 0.0406863 
49723.2 6.07206 -0.396164 0.238927 0.0845021 -0.268467 0.173168 0.0501189 0.0413301 
49829.8 6.09309 -0.387204 0.238789 0.086248 -0.278261 0.173333 0.0502788 0.0406275 
49533 6.06188 -0.391857 0.236975 0.0840735 -0.256834 0.170944 0.0487836 0.0402313 
49581.2 6.06376 -0.397379 0.238418 0.0845321 -0.257598 0.170857 0.0488272 0.0410759 
49982 6.12819 -0.409509 0.240649 0.0873942 -0.275162 0.172808 0.0502372 0.0414865 
49923.6 6.10214 -0.391504 0.237804 0.0848423 -0.272383 0.175042 0.0524868 0.041333 
50012.9 6.12717 -0.380044 0.235888 0.0837382 -0.28908 0.176695 0.0509923 0.0409748 
49641.5 6.05281 -0.386808 0.236535 0.0834785 -0.254692 0.173614 0.0504032 0.0407517 
49774.7 6.08541 -0.385454 0.235834 0.0830723 -0.247201 0.172769 0.0494478 0.0406532 
49687.9 6.08393 -0.362072 0.233429 0.0811464 -0.252144 0.171855 0.0491084 0.0398378 
49685.8 6.08986 -0.403158 0.236594 0.0835661 -0.273506 0.174208 0.0502096 0.0412443 
49660.5 6.07084 -0.426474 0.239868 0.0859773 -0.268325 0.174119 0.0512144 0.0418253 
49935.8 6.10997 -0.387222 0.236783 0.0833506 -0.265817 0.174463 0.0500891 0.0409566 
49687.5 6.09693 -0.391183 0.236132 0.0833584 -0.27469 0.172949 0.0499962 0.040964 
49823.5 6.12784 -0.365048 0.232289 0.0809613 -0.273721 0.17365 0.0497513 0.0403955 
49197.5 6.01896 -0.403736 0.234651 0.0830839 -0.266777 0.17325 0.0495695 0.0409336 
49518.5 6.08296 -0.368713 0.231004 0.081867 -0.266068 0.17316 0.0493014 0.039926 
49491.3 6.08771 -0.361489 0.230912 0.078748 -0.258093 0.170793 0.0496055 0.0392731 
49647.9 6.1141 -0.390967 0.235325 0.0822709 -0.285592 0.172369 0.0498499 0.040907 
49200.6 6.04442 -0.37288 0.230989 0.0798212 -0.268749 0.17162 0.0494964 0.0393942 
49850.8 6.12101 -0.399614 0.235749 0.0830104 -0.284534 0.175845 0.0516666 0.0418867 
49453 6.03429 -0.428898 0.238999 0.085627 -0.275188 0.175551 0.0518575 0.0419547 
49557 6.08832 -0.390328 0.233795 0.0817589 -0.25701 0.171831 0.0488229 0.040286 
49358.9 6.04168 -0.386608 0.233944 0.0817709 -0.245308 0.170999 0.0481774 0.0399751 
49755.6 6.08317 -0.384806 0.23676 0.0834132 -0.27359 0.17423 0.0504412 0.0411026 
49651.3 6.07828 -0.385978 0.236745 0.0843058 -0.251787 0.17073 0.0483254 0.0407086 
49795.7 6.10766 -0.361425 0.232685 0.0806873 -0.264968 0.173495 0.0507113 0.0401718 
49304 6.02075 -0.411504 0.23869 0.0852 -0.246664 0.169871 0.0493599 0.0401151 
49827 6.10679 -0.395703 0.238522 0.0848113 -0.271324 0.172362 0.0500737 0.0415138 
49679.1 6.09228 -0.421003 0.240507 0.0870575 -0.257655 0.170156 0.048887 0.0409912 
49824.4 6.09194 -0.482544 0.247686 0.0919348 -0.277819 0.173813 0.0506695 0.0429564 
49731.1 6.06867 -0.407825 0.240074 0.0870579 -0.285935 0.175355 0.0518959 0.0424149 
49762.7 6.05548 -0.411116 0.24237 0.0880289 -0.259062 0.172661 0.0499964 0.0418228 
50115.5 6.12049 -0.398354 0.240438 0.086986 -0.263757 0.174083 0.0513403 0.0415424 
49836.9 6.06717 -0.412259 0.241136 0.0865005 -0.275415 0.175858 0.0517984 0.0417598 
49849.5 6.07503 -0.401801 0.240364 0.0862272 -0.268515 0.174391 0.0506732 0.0420669 
49781.2 6.08782 -0.384121 0.238146 0.0855483 -0.273605 0.172812 0.0501472 0.0413809 
49787.2 6.10596 -0.420756 0.241247 0.0866369 -0.256467 0.169989 0.0481997 0.0406578 
49581.7 6.07894 -0.409858 0.238216 0.0853495 -0.262088 0.171239 0.0488582 0.0404117 
49589.3 6.09807 -0.397346 0.237601 0.0849899 -0.253526 0.168055 0.0470627 0.0399901 
49846.9 6.09818 -0.441986 0.243696 0.088307 -0.291849 0.17499 0.051951 0.0424097 
49768.9 6.08847 -0.389362 0.237096 0.0847148 -0.26204 0.172938 0.0502186 0.0412418 
49879.2 6.11154 -0.402096 0.237253 0.0841965 -0.27344 0.174975 0.0503192 0.0410008 
49560.7 6.0487 -0.39161 0.237085 0.0838403 -0.262735 0.173201 0.0505297 0.0410527 
49984.5 6.10696 -0.425464 0.241245 0.0882227 -0.26079 0.174495 0.0510479 0.0422091 
49750 6.12026 -0.401683 0.235077 0.0829398 -0.27654 0.174102 0.0502686 0.0405923 
49464.5 6.07812 -0.409612 0.235538 0.0828316 -0.271851 0.172697 0.0490331 0.0406611 
49086.9 6.01808 -0.382818 0.231828 0.0803742 -0.296023 0.174864 0.0511955 0.0401322 
49303.6 6.05001 -0.392715 0.233282 0.0824757 -0.259906 0.171816 0.0491463 0.0402272 
49717.3 6.13776 -0.4062 0.235144 0.0826668 -0.2415 0.168715 0.0478991 0.0393127 
49430.4 6.06326 -0.381638 0.232813 0.0818001 -0.280393 0.174303 0.050624 0.0407533 
49406.7 6.05768 -0.375381 0.233356 0.0824216 -0.276451 0.172866 0.0489268 0.0401003 
49508.9 6.10744 -0.363314 0.229143 0.0795094 -0.265157 0.171813 0.0491514 0.0392154 
49368.3 6.06922 -0.388583 0.234281 0.0820244 -0.283967 0.172122 0.0496138 0.0404081 
49797.7 6.14432 -0.435271 0.240109 0.0865268 -0.268412 0.170149 0.0473823 0.0407945 
49671.9 6.13645 -0.407113 0.235995 0.0832822 -0.271019 0.170122 0.0483979 0.0397113 
49364 6.06045 -0.394827 0.236168 0.0831363 -0.261854 0.169476 0.048304 0.0397469 
49579.5 6.09843 -0.395894 0.234614 0.0819117 -0.266276 0.171906 0.0497462 0.0402189 
49496.8 6.07351 -0.38003 0.233212 0.0815311 -0.260862 0.17209 0.0499013 0.0401909 
49536.2 6.07992 -0.366142 0.231558 0.0792531 -0.269835 0.173367 0.0512574 0.0401131 
49841.3 6.12683 -0.373823 0.231923 0.0804257 -0.264119 0.174367 0.0502617 0.0406574 
49435.5 6.07708 -0.349094 0.227962 0.0766092 -0.272275 0.173883 0.0503763 0.0391983 
49779.9 6.10642 -0.3658 0.23286 0.0815682 -0.27407 0.174462 0.0515843 0.0409806 
49465.3 6.09944 -0.389898 0.232166 0.080547 -0.27058 0.171912 0.04946 0.0399448 
49702.9 6.14113 -0.365359 0.230451 0.079047 -0.264834 0.171054 0.0493648 0.0396839 
49355.7 6.04918 -0.376488 0.232009 0.0809062 -0.283396 0.174858 0.0509196 0.0405726 
49361 6.01587 -0.427055 0.237955 0.0850549 -0.284021 0.177338 0.0517827 0.0418069 
49721.5 6.08498 -0.483281 0.24381 0.088308 -0.277686 0.176457 0.0528105 0.0429344 
49755.5 6.09661 -0.428878 0.238975 0.0840357 -0.264177 0.174112 0.0502148 0.0419465 
49827.6 6.08981 -0.422292 0.238856 0.0846619 -0.29296 0.17843 0.0524096 0.0421233 
49699.7 6.11352 -0.395311 0.235108 0.083036 -0.266913 0.172214 0.0490217 0.0406672 
49214.8 6.03253 -0.405353 0.235907 0.08456 -0.263678 0.170854 0.048612 0.0400679 
49577.1 6.08551 -0.365251 0.232123 0.0811885 -0.259257 0.171907 0.0490812 0.0398219 
49559.2 6.07038 -0.387899 0.235015 0.0825093 -0.274302 0.173874 0.0504253 0.0411772 
49571.1 6.04697 -0.405873 0.238768 0.0858301 -0.273512 0.174349 0.0504758 0.0407998 
50133 6.16428 -0.368415 0.234487 0.0814069 -0.269301 0.173647 0.0501797 0.0405512 
49764.3 6.0957 -0.388517 0.23664 0.0849407 -0.264696 0.172772 0.0505911 0.0402754 
49716 6.07766 -0.401027 0.239411 0.0854965 -0.270838 0.172708 0.0502691 0.0409499 
49859 6.0939 -0.419058 0.242095 0.088573 -0.269382 0.172777 0.0492348 0.0425267 
49874.1 6.09816 -0.390224 0.238952 0.0852087 -0.269484 0.172954 0.049864 0.0415112 
49698.2 6.10044 -0.415545 0.238548 0.0865266 -0.26119 0.17147 0.0487315 0.0410745 
49839.9 6.10418 -0.392659 0.237502 0.0841475 -0.269804 0.173427 0.049675 0.0413434 
49671.8 6.06092 -0.385781 0.238021 0.085274 -0.283382 0.174628 0.0501587 0.0409348 
49974.4 6.08509 -0.405758 0.241007 0.0882759 -0.262577 0.174927 0.0509516 0.0419604 
49819 6.07448 -0.406496 0.238977 0.0853592 -0.280817 0.176906 0.0528128 0.0424838 
49680.2 6.08718 -0.366743 0.23449 0.0818989 -0.260571 0.171623 0.0481625 0.0398385 
49428 6.06882 -0.410409 0.236584 0.083758 -0.265063 0.171291 0.0489928 0.0409447 
49899.3 6.12729 -0.413803 0.239055 0.0850968 -0.285206 0.174322 0.0514638 0.0417073 
49783.2 6.0824 -0.390403 0.237964 0.0837876 -0.259221 0.172776 0.0490924 0.0416778 
49700.6 6.09551 -0.364676 0.234499 0.083189 -0.269927 0.171891 0.0487337 0.0400635 
49667.3 6.08382 -0.395174 0.237429 0.0828907 -0.257544 0.171282 0.0490511 0.0407459 
49610.6 6.0897 -0.400498 0.237018 0.0839274 -0.263656 0.171158 0.0491349 0.0403158 
49518.5 6.05224 -0.394804 0.238309 0.0846942 -0.24514 0.169436 0.0477379 0.0400828 
49615.1 6.09485 -0.401922 0.238157 0.0859305 -0.25326 0.168727 0.0470891 0.0399395 
49759 6.11828 -0.403329 0.238597 0.0865434 -0.254127 0.168935 0.0476373 0.0401899 
49434.6 6.06979 -0.406747 0.237665 0.0860339 -0.261965 0.169582 0.0477462 0.040957 
49683.2 6.12143 -0.414499 0.237189 0.0845391 -0.26431 0.170684 0.0489935 0.0408772 
49824.5 6.117 -0.407619 0.240005 0.0848763 -0.251958 0.169118 0.0475822 0.040916 
49914.6 6.13104 -0.426486 0.240554 0.0860584 -0.256812 0.171222 0.0487476 0.0412605 
49585.3 6.07666 -0.388202 0.237212 0.0848151 -0.249813 0.169202 0.0479595 0.0406086 
49523.2 6.0543 -0.387313 0.236783 0.0837561 -0.263301 0.171881 0.0497032 0.0403837 
49571.7 6.07042 -0.399162 0.236758 0.0850589 -0.268448 0.172905 0.0489346 0.0409093 
49881.6 6.13389 -0.373979 0.233015 0.0803803 -0.281101 0.175033 0.0518352 0.0409642 
49253.1 6.01325 -0.381563 0.234523 0.0817732 -0.269127 0.173048 0.0505526 0.0409448 
49276.3 6.00082 -0.385638 0.235535 0.0826149 -0.27368 0.174543 0.051768 0.0404274 
49743.3 6.11577 -0.406403 0.237047 0.0839977 -0.253804 0.170697 0.048074 0.0408039 
49343.2 6.03839 -0.35775 0.231645 0.0807505 -0.273948 0.17328 0.0506459 0.0399 
49398.9 6.04986 -0.408991 0.238374 0.0854105 -0.258997 0.17009 0.0474537 0.0404224 
49946.7 6.13146 -0.411284 0.240944 0.0862927 -0.272415 0.171439 0.0482172 0.0414033 
49959.1 6.13603 -0.417595 0.240158 0.0869096 -0.262469 0.171646 0.0486161 0.0411962 
50073.1 6.12772 -0.404489 0.240212 0.086608 -0.250487 0.172105 0.049033 0.0412482 
49955.4 6.12869 -0.36333 0.233752 0.0817409 -0.262311 0.173323 0.0487598 0.0404265 
49814.5 6.09297 -0.394708 0.235567 0.0833373 -0.283329 0.177485 0.0526736 0.0408862 
49660.7 6.0713 -0.371529 0.231526 0.0804379 -0.28343 0.17845 0.0528873 0.0419827 
49940.9 6.12983 -0.385044 0.234334 0.0820373 -0.257032 0.173967 0.0505709 0.0402189 
49834.6 6.12251 -0.361959 0.233922 0.0810786 -0.259949 0.171112 0.0485375 0.0400787 
49371.4 6.04144 -0.425835 0.239662 0.0864024 -0.261038 0.170966 0.048958 0.0408342 
49954.4 6.1637 -0.358318 0.233197 0.0831315 -0.274516 0.171121 0.0486212 0.0401515 
49413.2 6.03726 -0.389472 0.236372 0.0834587 -0.271309 0.172874 0.0496215 0.0405622 
49514.8 6.06538 -0.36867 0.233881 0.0817097 -0.256293 0.171001 0.0492354 0.0406294 
49517.8 6.05408 -0.39191 0.2359 0.0848553 -0.26874 0.173651 0.0504257 0.0407411 
49608.9 6.06508 -0.400563 0.236704 0.0831936 -0.255869 0.173093 0.0500847 0.04097 
49609.9 6.05078 -0.382954 0.23614 0.0825847 -0.264301 0.174176 0.049821 0.0407222 
49730.9 6.05067 -0.372984 0.235606 0.082888 -0.278041 0.177367 0.0519106 0.0413695 
49885.7 6.09334 -0.398243 0.237517 0.0844924 -0.287223 0.177589 0.0520034 0.042406 
49917.6 6.09071 -0.366916 0.235151 0.083423 -0.256046 0.174673 0.0502537 0.0411417 
49643.1 6.05905 -0.425235 0.240935 0.0877842 -0.246448 0.171621 0.0486064 0.0414326 
49786.1 6.12032 -0.434601 0.241227 0.0879895 -0.26465 0.170732 0.0486803 0.041098 
49895.5 6.10181 -0.415165 0.240156 0.0875223 -0.294937 0.176734 0.0519939 0.042925 
49638.3 6.09535 -0.387497 0.234601 0.0825417 -0.268763 0.172751 0.0497598 0.0401677 
49449.7 6.07863 -0.395835 0.235848 0.0840928 -0.251061 0.168669 0.0478145 0.0398692 
49515.4 6.07728 -0.386615 0.234893 0.0844305 -0.248718 0.169855 0.0477214 0.0400812 
49620.3 6.08955 -0.395323 0.23532 0.0836174 -0.266315 0.172791 0.0490778 0.0403987 
49567.2 6.079 -0.391506 0.234965 0.0824591 -0.283103 0.174447 0.050208 0.0409635 
49649.3 6.09799 -0.374305 0.23461 0.081867 -0.273894 0.171904 0.0491796 0.0404844 
49296.6 6.04144 -0.387163 0.234717 0.08176 -0.296426 0.174141 0.0509012 0.040453 
49368 6.03348 -0.404231 0.23797 0.0855367 -0.28732 0.173813 0.0513314 0.0412177 
49701.9 6.09729 -0.403214 0.238611 0.08539 -0.289647 0.173368 0.0506069 0.0417514 
49531.7 6.08022 -0.37295 0.233993 0.0826853 -0.278543 0.172354 0.04921 0.0401958 
49520 6.09761 -0.388987 0.233491 0.0815353 -0.278539 0.172501 0.0495445 0.040322 
49823.3 6.12645 -0.400498 0.236679 0.0831237 -0.265809 0.172126 0.0493666 0.0406255 
49745.7 6.10011 -0.379756 0.234357 0.0827391 -0.259034 0.172844 0.0496447 0.0406759 
49550.7 6.04723 -0.377623 0.235042 0.0829687 -0.269464 0.174471 0.0509228 0.0410706 
49838.1 6.09735 -0.38888 0.238782 0.085152 -0.26228 0.171685 0.0481558 0.0409396 
49786.1 6.0937 -0.397927 0.238748 0.0859561 -0.278422 0.173555 0.0504225 0.0413544 
49864.7 6.1269 -0.344341 0.232734 0.080165 -0.255667 0.170288 0.0473253 0.039553 
49803.1 6.10608 -0.374427 0.235934 0.0823555 -0.269599 0.172298 0.0491827 0.0409129 
49770.8 6.11406 -0.384297 0.233392 0.081933 -0.252087 0.172674 0.0500348 0.0407369 
49618 6.07047 -0.398162 0.236799 0.0845021 -0.273583 0.174139 0.0503076 0.0411861 
49369.7 6.04448 -0.375897 0.232559 0.0809916 -0.26204 0.172891 0.0492421 0.039915 
49575.4 6.08812 -0.383067 0.232434 0.0807905 -0.274926 0.174591 0.0513132 0.0404921 
49549.9 6.07056 -0.387639 0.234258 0.082342 -0.266143 0.173607 0.0499141 0.0406415 
49763.7 6.14327 -0.367502 0.231819 0.0798551 -0.275776 0.171919 0.0491447 0.0402111 
49538.2 6.09144 -0.375321 0.232398 0.0801017 -0.254576 0.17085 0.0486218 0.0393539 
49347.6 6.05447 -0.40188 0.236471 0.0831819 -0.257974 0.169762 0.0481122 0.0404921 
49204 6.04752 -0.363348 0.230023 0.0799795 -0.262181 0.170762 0.048151 0.0391373 
49444.2 6.05919 -0.373411 0.23266 0.0819308 -0.262267 0.172533 0.0496794 0.0402185 
49706.6 6.08147 -0.374435 0.235334 0.0832094 -0.285551 0.175038 0.0510036 0.040791 
49821.5 6.11406 -0.368214 0.233381 0.0813198 -0.263432 0.173181 0.049676 0.0402761 
49621.2 6.08056 -0.385203 0.233306 0.0817554 -0.271469 0.175199 0.0520159 0.0406522 
49644.2 6.09916 -0.390386 0.234736 0.0825271 -0.277492 0.173493 0.0508292 0.0413133 
49523.5 6.0825 -0.366437 0.23121 0.0807068 -0.266783 0.172945 0.0502324 0.0400283 
49195.2 6.0403 -0.39609 0.235543 0.0823622 -0.273293 0.170125 0.048336 0.0405426 
49685 6.12439 -0.45046 0.241109 0.0869383 -0.256768 0.169328 0.0468827 0.0411872 
49615.9 6.0664 -0.412702 0.239506 0.0853526 -0.245253 0.170467 0.0482432 0.0408279 
49594.1 6.10164 -0.390872 0.23516 0.0841728 -0.261144 0.170325 0.0489614 0.0401447 
49471.7 6.06755 -0.374505 0.234716 0.082747 -0.263718 0.170444 0.0491731 0.0397628 
49749.4 6.10954 -0.37811 0.235221 0.082566 -0.265192 0.171578 0.0491755 0.0407277 
49721 6.10827 -0.376136 0.235365 0.0835569 -0.252226 0.169557 0.04812 0.0399105 
49550.4 6.09164 -0.361144 0.233011 0.0808467 -0.242754 0.167906 0.0473641 0.039486 
49331.4 6.02463 -0.376191 0.23486 0.0828811 -0.268308 0.172469 0.0501669 0.0403627 
49491.1 6.05001 -0.387066 0.236113 0.0837916 -0.279589 0.173926 0.0510505 0.0408863 
49678.3 6.09547 -0.397861 0.235915 0.082982 -0.268091 0.173145 0.0496106 0.0407321 
49582.6 6.08201 -0.384341 0.234654 0.0829569 -0.264875 0.172261 0.0497822 0.0398424 
49246.4 6.03798 -0.38152 0.234006 0.0819497 -0.27199 0.171289 0.048424 0.0404712 
49328 6.07078 -0.377705 0.232296 0.0811605 -0.271031 0.170844 0.0490878 0.03947 
49519.1 6.06358 -0.372234 0.232226 0.0806575 -0.27688 0.175267 0.0512258 0.0405574 
49490.3 6.0747 -0.404887 0.23612 0.0828501 -0.236351 0.169006 0.0472166 0.0396799 
49369.6 6.0516 -0.414746 0.236362 0.0830265 -0.275314 0.173526 0.0499468 0.0411888 
49949.6 6.13173 -0.411092 0.239346 0.0868326 -0.273413 0.173125 0.0497951 0.0420175 
50004.4 6.11674 -0.411438 0.242169 0.087718 -0.268873 0.172422 0.0486888 0.041788 
49888.5 6.10911 -0.386391 0.237783 0.0846499 -0.238912 0.169943 0.0477981 0.0406905 
50145.3 6.13366 -0.383286 0.237502 0.0827062 -0.276368 0.17604 0.0507844 0.0421606 
49655 6.05189 -0.378807 0.237025 0.0839529 -0.278547 0.175029 0.04995 0.0416953 
49665.1 6.05727 -0.393151 0.236772 0.0828693 -0.272377 0.175745 0.0511899 0.0415489 
49960 6.11558 -0.42068 0.239939 0.0864624 -0.28329 0.176225 0.0511158 0.0423296 
49714 6.09954 -0.426363 0.23903 0.0865917 -0.251039 0.171445 0.0487857 0.0411301 
49666.2 6.07628 -0.417689 0.239507 0.0853155 -0.262337 0.172609 0.0494241 0.0411521 
